[Updates]
CurrentRelease = v0.7.0.1
ReleaseDate = 2025-05-28 11:44:58.664473+00:00
LastCheckDate = 2025-05-28 11:44:58.664473+00:00
DisableUpdateCheck = 0
PauseDays = 0
CheckExtensionAssociation = 1

