[Updates]
CurrentRelease = v0.7.0.2
ReleaseDate = 2025-06-17 19:47:31.207282+00:00
LastCheckDate = 2025-06-17 19:47:31.207282+00:00
DisableUpdateCheck = 0
PauseDays = 0
CheckExtensionAssociation = 1

